1 1000 1 1 50
1 10000 1 1 50
1 100000 1 1 50
1 1000 10 1 50
1 10000 10 1 50
1 100000 10 1 50
1 1000 100 1 50
1 10000 100 1 50
1 100000 100 1 50
1 1000 1 3 50
2 1000 1 1 333.333
2 10000 1 1 333.333
2 100000 1 1 333.333
2 1000 10 1 333.333
2 10000 10 1 333.333
2 100000 10 1 333.333
2 1000 100 1 333.333
2 10000 100 1 333.333
2 100000 100 1 333.333
3 1000 1 1 1.83908
3 10000 1 1 1.83908
3 100000 1 1 1.83908
3 1000 10 1 1.83908
3 10000 10 1 1.83908
3 100000 10 1 1.83908
3 1000 100 1 1.83908
3 10000 100 1 1.83908
3 100000 100 1 1.83908
4 1000 1 1 12.1561
4 10000 1 1 12.156
4 100000 1 1 12.1567
4 1000 10 1 12.1561
4 10000 10 1 12.156
4 100000 10 1 12.1567
4 1000 100 1 12.1561
4 10000 100 1 12.156
4 100000 100 1 12.1567
1 1000 1 2 50
1 10000 1 2 50
1 100000 1 2 50.0001
1 1000 10 2 50
1 10000 10 2 50
1 100000 10 2 50
1 1000 100 2 50
1 10000 100 2 50
1 100000 100 2 50.0002
2 1000 1 2 333.333
2 10000 1 2 333.333
2 100000 1 2 333.334
2 1000 10 2 333.333
2 10000 10 2 333.333
2 100000 10 2 333.333
2 1000 100 2 333.333
2 10000 100 2 333.333
2 100000 100 2 333.334
3 1000 1 2 1.83908
3 10000 1 2 1.83908
3 100000 1 2 1.83907
3 1000 10 2 1.83908
3 10000 10 2 1.83907
3 100000 10 2 1.83907
3 1000 100 2 1.83908
3 10000 100 2 1.83908
3 100000 100 2 1.83907
4 1000 1 2 12.1561
4 10000 1 2 12.1561
4 100000 1 2 12.1574
4 1000 10 2 12.1561
4 10000 10 2 12.1561
4 100000 10 2 12.1574
4 1000 100 2 12.1561
4 10000 100 2 12.1561
4 100000 100 2 12.1574
1 1000 1 4 50
1 10000 1 4 50
1 100000 1 4 50.0003
1 1000 10 4 50
1 10000 10 4 50
1 100000 10 4 50
1 1000 100 4 50
1 10000 100 4 50
1 100000 100 4 50
2 1000 1 4 333.333
2 10000 1 4 333.333
2 100000 1 4 333.331
2 1000 10 4 333.333
2 10000 10 4 333.334
2 100000 10 4 333.331
2 1000 100 4 333.333
2 10000 100 4 333.334
2 100000 100 4 333.333
3 1000 1 4 1.83908
3 10000 1 4 1.83908
3 100000 1 4 1.83914
3 1000 10 4 1.83908
3 10000 10 4 1.83909
3 100000 10 4 1.83913
3 1000 100 4 1.83908
3 10000 100 4 1.83907
3 100000 100 4 1.83907
4 1000 1 4 12.1561
4 10000 1 4 12.1561
4 100000 1 4 12.1566
4 1000 10 4 12.1561
4 10000 10 4 12.1561
4 100000 10 4 12.1567
4 1000 100 4 12.1561
4 10000 100 4 12.1561
4 100000 100 4 12.1567
