1 1000 1 1 1 50
1 10000 1 1 1 50
1 100000 1 1 1 50
1 1000 10 1 1 50
1 10000 10 1 1 50
1 100000 10 1 1 50
1 1000 100 1 1 50
1 10000 100 1 1 50
1 100000 100 1 1 50
2 1000 1 1 1 333.333
2 10000 1 1 1 333.333
2 100000 1 1 1 333.333
2 1000 10 1 1 333.333
2 10000 10 1 1 333.333
2 100000 10 1 1 333.333
2 1000 100 1 1 333.333
2 10000 100 1 1 333.333
2 100000 100 1 1 333.333
3 1000 1 1 1 1.83908
3 10000 1 1 1 1.83908
3 100000 1 1 1 1.83908
3 1000 10 1 1 1.83908
3 10000 10 1 1 1.83908
3 100000 10 1 1 1.83908
3 1000 100 1 1 1.83908
3 10000 100 1 1 1.83908
3 100000 100 1 1 1.83908
4 1000 1 1 1 12.1561
4 10000 1 1 1 12.156
4 100000 1 1 1 12.1567
4 1000 10 1 1 12.1561
4 10000 10 1 1 12.156
4 100000 10 1 1 12.1567
4 1000 100 1 1 12.1561
4 10000 100 1 1 12.156
4 100000 100 1 1 12.1567
1 1000 1 1 10 50
1 10000 1 1 10 50
1 100000 1 1 10 50
1 1000 10 1 10 50
1 10000 10 1 10 50
1 100000 10 1 10 50
1 1000 100 1 10 50
1 10000 100 1 10 50
1 100000 100 1 10 50
2 1000 1 1 10 333.333
2 10000 1 1 10 333.333
2 100000 1 1 10 333.333
2 1000 10 1 10 333.333
2 10000 10 1 10 333.333
2 100000 10 1 10 333.333
2 1000 100 1 10 333.333
2 10000 100 1 10 333.333
2 100000 100 1 10 333.333
3 1000 1 1 10 1.83908
3 10000 1 1 10 1.83907
3 100000 1 1 10 1.83908
3 1000 10 1 10 1.83908
3 10000 10 1 10 1.83907
3 100000 10 1 10 1.83908
3 1000 100 1 10 1.83908
3 10000 100 1 10 1.83907
3 100000 100 1 10 1.83908
4 1000 1 1 10 12.1561
4 10000 1 1 10 12.1561
4 100000 1 1 10 12.156
4 1000 10 1 10 12.1561
4 10000 10 1 10 12.1561
4 100000 10 1 10 12.156
4 1000 100 1 10 12.1561
4 10000 100 1 10 12.1561
4 100000 100 1 10 12.156
1 1000 1 1 100 50
1 10000 1 1 100 50
1 100000 1 1 100 50
1 1000 10 1 100 50
1 10000 10 1 100 50
1 100000 10 1 100 50
1 1000 100 1 100 50
1 10000 100 1 100 50
1 100000 100 1 100 50
2 1000 1 1 100 333.333
2 10000 1 1 100 333.333
2 100000 1 1 100 333.333
2 1000 10 1 100 333.333
2 10000 10 1 100 333.333
2 100000 10 1 100 333.333
2 1000 100 1 100 333.333
2 10000 100 1 100 333.333
2 100000 100 1 100 333.333
3 1000 1 1 100 1.83908
3 10000 1 1 100 1.83907
3 100000 1 1 100 1.83907
3 1000 10 1 100 1.83908
3 10000 10 1 100 1.83907
3 100000 10 1 100 1.83907
3 1000 100 1 100 1.83908
3 10000 100 1 100 1.83907
3 100000 100 1 100 1.83907
4 1000 1 1 100 12.1561
4 10000 1 1 100 12.1561
4 100000 1 1 100 12.1561
4 1000 10 1 100 12.1561
4 10000 10 1 100 12.1561
4 100000 10 1 100 12.1561
4 1000 100 1 100 12.1561
4 10000 100 1 100 12.1561
4 100000 100 1 100 12.1561
1 1000 1 2 1 50
1 10000 1 2 1 50
1 100000 1 2 1 50
1 1000 10 2 1 50
1 10000 10 2 1 50
1 100000 10 2 1 50
1 1000 100 2 1 50
1 10000 100 2 1 50
1 100000 100 2 1 50
2 1000 1 2 1 333.333
2 10000 1 2 1 333.333
2 100000 1 2 1 333.333
2 1000 10 2 1 333.333
2 10000 10 2 1 333.333
2 100000 10 2 1 333.333
2 1000 100 2 1 333.333
2 10000 100 2 1 333.333
2 100000 100 2 1 333.333
3 1000 1 2 1 1.83908
3 10000 1 2 1 1.83908
3 100000 1 2 1 1.83908
3 1000 10 2 1 1.83908
3 10000 10 2 1 1.83908
3 100000 10 2 1 1.83908
3 1000 100 2 1 1.83908
3 10000 100 2 1 1.83908
3 100000 100 2 1 1.83908
4 1000 1 2 1 12.1561
4 10000 1 2 1 12.156
4 100000 1 2 1 12.1567
4 1000 10 2 1 12.1561
4 10000 10 2 1 12.156
4 100000 10 2 1 12.1567
4 1000 100 2 1 12.1561
4 10000 100 2 1 12.156
4 100000 100 2 1 12.1567
1 1000 1 2 10 50
1 10000 1 2 10 50
1 100000 1 2 10 50
1 1000 10 2 10 50
1 10000 10 2 10 50
1 100000 10 2 10 50
1 1000 100 2 10 50
1 10000 100 2 10 50
1 100000 100 2 10 50
2 1000 1 2 10 333.333
2 10000 1 2 10 333.333
2 100000 1 2 10 333.333
2 1000 10 2 10 333.333
2 10000 10 2 10 333.333
2 100000 10 2 10 333.333
2 1000 100 2 10 333.333
2 10000 100 2 10 333.333
2 100000 100 2 10 333.333
3 1000 1 2 10 1.83908
3 10000 1 2 10 1.83907
3 100000 1 2 10 1.83908
3 1000 10 2 10 1.83908
3 10000 10 2 10 1.83907
3 100000 10 2 10 1.83908
3 1000 100 2 10 1.83908
3 10000 100 2 10 1.83907
3 100000 100 2 10 1.83908
4 1000 1 2 10 12.1561
4 10000 1 2 10 12.1561
4 100000 1 2 10 12.156
4 1000 10 2 10 12.1561
4 10000 10 2 10 12.1561
4 100000 10 2 10 12.156
4 1000 100 2 10 12.1561
4 10000 100 2 10 12.1561
4 100000 100 2 10 12.156
1 1000 1 2 100 50
1 10000 1 2 100 50
1 100000 1 2 100 50
1 1000 10 2 100 50
1 10000 10 2 100 50
1 100000 10 2 100 50
1 1000 100 2 100 50
1 10000 100 2 100 50
1 100000 100 2 100 50
2 1000 1 2 100 333.333
2 10000 1 2 100 333.333
2 100000 1 2 100 333.333
2 1000 10 2 100 333.333
2 10000 10 2 100 333.333
2 100000 10 2 100 333.333
2 1000 100 2 100 333.333
2 10000 100 2 100 333.333
2 100000 100 2 100 333.333
3 1000 1 2 100 1.83908
3 10000 1 2 100 1.83907
3 100000 1 2 100 1.83907
3 1000 10 2 100 1.83908
3 10000 10 2 100 1.83907
3 100000 10 2 100 1.83907
3 1000 100 2 100 1.83908
3 10000 100 2 100 1.83907
3 100000 100 2 100 1.83907
4 1000 1 2 100 12.1561
4 10000 1 2 100 12.1561
4 100000 1 2 100 12.1561
4 1000 10 2 100 12.1561
4 10000 10 2 100 12.1561
4 100000 10 2 100 12.1561
4 1000 100 2 100 12.1561
4 10000 100 2 100 12.1561
4 100000 100 2 100 12.1561
1 1000 1 4 1 50
1 10000 1 4 1 50
1 100000 1 4 1 50
1 1000 10 4 1 50
1 10000 10 4 1 50
1 100000 10 4 1 50
1 1000 100 4 1 50
1 10000 100 4 1 50
1 100000 100 4 1 50
2 1000 1 4 1 333.333
2 10000 1 4 1 333.333
2 100000 1 4 1 333.333
2 1000 10 4 1 333.333
2 10000 10 4 1 333.333
2 100000 10 4 1 333.333
2 1000 100 4 1 333.333
2 10000 100 4 1 333.333
2 100000 100 4 1 333.333
3 1000 1 4 1 1.83908
3 10000 1 4 1 1.83908
3 100000 1 4 1 1.83908
3 1000 10 4 1 1.83908
3 10000 10 4 1 1.83908
3 100000 10 4 1 1.83908
3 1000 100 4 1 1.83908
3 10000 100 4 1 1.83908
3 100000 100 4 1 1.83908
4 1000 1 4 1 12.1561
4 10000 1 4 1 12.156
4 100000 1 4 1 12.1567
4 1000 10 4 1 12.1561
4 10000 10 4 1 12.156
4 100000 10 4 1 12.1567
4 1000 100 4 1 12.1561
4 10000 100 4 1 12.156
4 100000 100 4 1 12.1567
1 1000 1 4 10 50
1 10000 1 4 10 50
1 100000 1 4 10 50
1 1000 10 4 10 50
1 10000 10 4 10 50
1 100000 10 4 10 50
1 1000 100 4 10 50
1 10000 100 4 10 50
1 100000 100 4 10 50
2 1000 1 4 10 333.333
2 10000 1 4 10 333.333
2 100000 1 4 10 333.333
2 1000 10 4 10 333.333
2 10000 10 4 10 333.333
2 100000 10 4 10 333.333
2 1000 100 4 10 333.333
2 10000 100 4 10 333.333
2 100000 100 4 10 333.333
3 1000 1 4 10 1.83908
3 10000 1 4 10 1.83907
3 100000 1 4 10 1.83908
3 1000 10 4 10 1.83908
3 10000 10 4 10 1.83907
3 100000 10 4 10 1.83908
3 1000 100 4 10 1.83908
3 10000 100 4 10 1.83907
3 100000 100 4 10 1.83908
4 1000 1 4 10 12.1561
4 10000 1 4 10 12.1561
4 100000 1 4 10 12.156
4 1000 10 4 10 12.1561
4 10000 10 4 10 12.1561
4 100000 10 4 10 12.156
4 1000 100 4 10 12.1561
4 10000 100 4 10 12.1561
4 100000 100 4 10 12.156
1 1000 1 4 100 50
1 10000 1 4 100 50
1 100000 1 4 100 50
1 1000 10 4 100 50
1 10000 10 4 100 50
1 100000 10 4 100 50
1 1000 100 4 100 50
1 10000 100 4 100 50
1 100000 100 4 100 50
2 1000 1 4 100 333.333
2 10000 1 4 100 333.333
2 100000 1 4 100 333.333
2 1000 10 4 100 333.333
2 10000 10 4 100 333.333
2 100000 10 4 100 333.333
2 1000 100 4 100 333.333
2 10000 100 4 100 333.333
2 100000 100 4 100 333.333
3 1000 1 4 100 1.83908
3 10000 1 4 100 1.83907
3 100000 1 4 100 1.83907
3 1000 10 4 100 1.83908
3 10000 10 4 100 1.83907
3 100000 10 4 100 1.83907
3 1000 100 4 100 1.83908
3 10000 100 4 100 1.83907
3 100000 100 4 100 1.83907
4 1000 1 4 100 12.1561
4 10000 1 4 100 12.1561
4 100000 1 4 100 12.1561
4 1000 10 4 100 12.1561
4 10000 10 4 100 12.1561
4 100000 10 4 100 12.1561
4 1000 100 4 100 12.1561
4 10000 100 4 100 12.1561
4 100000 100 4 100 12.1561
